2017040700
2017040900
2017041100
2017041300
2017041500
2017041700
2017041900
2017042100
2017042300
2017042500
2017042700
2017042900
2017050100
2017050300
2017050500
2017050700
2017050900
2017051100
2017051300
2017051500
2017051700
2017051900
2017052100
2017052300
2017052500
2017052700
2017052900
2017053100
2017060200
2017060400
2017060600
2017060800
2017061000
2017061200
2017061400
2017061600
2017061800
2017062000
2017062200
2017062400
2017062600
2017062800
2017063000
2017070200
2017070400
2017070600
2017070800
2017071000
2017071200
2017071400
2017071600
2017071800
2017072000
2017072200
2017072400
2017072600
2017072800
2017073000
2017080100
2017080300
2017080500
2017080700
2017080900
2017081100
2017081300
2017081500
2017081700
2017081900
2017082100
2017082300
2017082500
2017082700
2017082900
2017083100
2017090200
2017090400
2017090600
2017090800
2017091000
2017091200
2017091400
2017091600
2017091800
2017092000
2017092200
2017092400
2017092600
2017092800
2017093000
2017100200
2017100400
2017100600
2017100800
2017101000
2017101200
2017101400
2017101600
2017101800
2017102000
2017102200
2017102400
2017102600
2017102800
2017103000
2017110100
2017110300
2017110500
2017110700
2017110900
2017111100
2017111300
2017111500
2017111700
2017111900
2017112100
2017112300
2017112500
2017112700
2017112900
2017120100
2017120300
2017120500
2017120700
2017120900
2017121100
2017121300
2017121500
2017121700
2017121900
2017122100
2017122300
2017122500
2017122700
2017122900
2017123100
